65414
65415
65418
65420
65422
65423
65424
65425
65427
65428
65429
65430
65431
65432
65437
65438
65440
65446
65447
65449
65450
65451
65627
65777
65778
65779
65780
65781
65782
65783
65784
65785
65786
65787
65788
65789
65790
65791
65792
65793
65796
65798
65799
65800
65801
65802
65803
65804
65805
65806
65807
65808
65809
65810
65811
65812
65813
65817
65818
65819
65820
65827
65829
65831
65833
65834
65836
65838
65839
65840
65841
65842
65843
65846
65847
65854
65855
65856
65857
65858
65859
65860
65861
65862
65863
65864
65865
65866
65868
65869
65870
65871
65875
65876
65878
65879
65881
65882
65883
65884
